true:0.981995 0.188913 -0.00021171 -0.920981 -0.188913 0.981996 0.00015824 0.160313 0.000237872 -0.000115197 1 0.0013342 0 0 0 1
result:         0.95456  -0.297737 -0.0129269   0.984921
   0.29784   0.951599  0.0758267   -1.22441
-0.0102752 -0.0762313   0.997037  -0.203746
         0          0          0          1
init_guess 0.980785 -0.19509        0        1
 0.19509 0.980785        0        0
       0        0        1        0
       0        0        0        1
