true:0.981995 0.188913 -0.00021171 -0.920981 -0.188913 0.981996 0.00015824 0.160313 0.000237872 -0.000115197 1 0.0013342 0 0 0 1
result:       0.980785     -0.19509  8.32667e-15      10.8994
     0.19509     0.980785 -2.77556e-15      39.6571
 5.76513e-15 -6.80662e-15            1      10.5184
           0            0            0            1
init_guess 0.980785 -0.19509        0        1
 0.19509 0.980785        0        0
       0        0        1        0
       0        0        0        1
